# COA parameters

# RSP parameters
er.ad.1 <- 250 * 0.05
er.ad.2 <- 250 * 0.2
